3.837133999999999787e+02
3.397348000000000070e+02
3.190307000000000244e+02
3.044893250000000080e+02
2.984829000000000292e+02
2.930195666666667194e+02
2.889638285714285644e+02
2.857949999999999591e+02
2.840237000000000194e+02
2.821346300000000156e+02
2.805803909090909087e+02
2.791678083333333689e+02
2.785968153846153541e+02
2.778668285714285844e+02
2.774798733333333303e+02
2.765665562499999623e+02
2.760053529411765112e+02
2.754398944444444055e+02
2.748523947368420863e+02
2.744242399999999975e+02
2.739153000000000020e+02
2.735994818181818005e+02
2.732629782608695450e+02
2.730410583333333534e+02
2.728297919999999976e+02
2.724814807692307568e+02
2.721915740740740830e+02
2.718817107142857026e+02
2.717574689655172051e+02
2.714938199999999711e+02
2.712382483870968031e+02
2.710006781250000358e+02
