3.755034999999999741e+02
3.372121000000000208e+02
3.157699666666666758e+02
3.030903000000000134e+02
2.970311399999999935e+02
2.920070666666666739e+02
2.893184285714285124e+02
2.863787250000000313e+02
2.840654999999999859e+02
2.819420900000000074e+02
2.804191999999999894e+02
2.788358333333333690e+02
2.778793461538461997e+02
2.769472000000000094e+02
2.764195266666666839e+02
2.755202500000000327e+02
2.749565000000000623e+02
2.743989611111110776e+02
2.739032315789473842e+02
2.736193149999999719e+02
2.732722190476190463e+02
2.729314818181817941e+02
2.726126608695652180e+02
2.722512166666666644e+02
2.719912279999999782e+02
2.717894461538461996e+02
2.714473518518518631e+02
2.713186178571428400e+02
2.710669068965517567e+02
2.709204500000000166e+02
2.707872709677419607e+02
2.706432125000000042e+02
