4.360008239746093750e+02
3.977751612663269043e+02
3.850994030634562364e+02
3.749669313430786133e+02
3.689195394515991211e+02
3.648409525553385606e+02
3.614642824445451765e+02
3.598795920610427856e+02
3.582766056060791016e+02
3.561653947830200195e+02
3.550625475970181810e+02
3.540698667367299208e+02
3.546685328850379619e+02
3.548831667218889265e+02
3.543396822611491075e+02
3.536951065063476562e+02
3.547158886404598661e+02
3.553611821598476581e+02
3.558367478220086468e+02
3.558393824100494385e+02
3.554955244064331055e+02
3.551541436802257294e+02
3.543278310609900359e+02
3.535334328810374132e+02
3.528190307617187500e+02
3.539248934158912334e+02
3.547543949551052265e+02
3.557832019669668853e+02
3.568366042498884667e+02
3.573706571261088243e+02
3.578246531947966673e+02
3.582870788872241974e+02
