3.450834062499999959e+02
3.450834062499999959e+02
3.450834062499999959e+02
3.450834062499999959e+02
3.450834062499999959e+02
3.450834062499999959e+02
3.450834062499999959e+02
3.450834062499999959e+02
3.450834062499999959e+02
3.450834062499999959e+02
3.450834062499999959e+02
3.450834062499999959e+02
3.450834062499999959e+02
3.450834062499999959e+02
3.450834062499999959e+02
3.450834062499999959e+02
3.450834062499999959e+02
3.450834062499999959e+02
3.450834062499999959e+02
3.450834062499999959e+02
3.450834062499999959e+02
3.450834062499999959e+02
3.450834062499999959e+02
3.450834062499999959e+02
3.450834062499999959e+02
3.450834062499999959e+02
3.450834062499999959e+02
3.450834062499999959e+02
3.450834062499999959e+02
3.450834062499999959e+02
3.450834062499999959e+02
3.450834062499999959e+02