3.653889999999999532e+02
3.549185499999999820e+02
3.521890999999999394e+02
3.498180750000000216e+02
3.490813400000000684e+02
3.482822666666666578e+02
3.477184142857141751e+02
3.468408875000000080e+02
3.468952555555555364e+02
3.464243000000000734e+02
3.471685818181817922e+02
3.481071583333333024e+02
3.476946076923076703e+02
3.473620714285714257e+02
3.470035533333332864e+02
3.470483250000000339e+02
3.467338411764705484e+02
3.466143500000000017e+02
3.464382263157893362e+02
3.461844250000000329e+02
3.460389809523808822e+02
3.460705500000000256e+02
3.458601695652174044e+02
3.457165541666666400e+02
3.456455959999999550e+02
3.454980807692307394e+02
3.454414370370370193e+02
3.453601678571428124e+02
3.452997034482758636e+02
3.452460066666666876e+02
3.451731548387096495e+02
3.450834062499999959e+02
