3.479130099999999857e+02
3.497765274999999860e+02
3.487655033333332995e+02
3.484426887499999452e+02
3.481180800000000204e+02
3.465884816666666097e+02
3.453241021428571571e+02
3.437680756249999945e+02
3.426852127777777923e+02
3.417660934999999540e+02
3.409690763636363613e+02
3.406564758333332747e+02
3.394310161538461443e+02
3.377813821428571828e+02
3.362522600000000352e+02
3.344450546875000327e+02
3.331427985294117775e+02
3.320143124999999600e+02
3.310696331578947706e+02
3.300184072499999957e+02
3.290040095238095432e+02
3.282602277272727065e+02
3.274799595652173707e+02
3.265590162500000133e+02
3.258771087999999736e+02
3.256010274999999865e+02
3.253475081481481652e+02
3.249674008928571425e+02
3.247367870689654978e+02
3.244088813333333405e+02
3.241280364516128998e+02
3.238459795312500091e+02
