3.318588085714285398e+02
3.329061186666666572e+02
3.336398884374999625e+02
3.343021955882352358e+02
3.345063186111111122e+02
3.348768039473684439e+02
3.351083702500000641e+02
3.348378319047618561e+02
3.345371893181817882e+02
3.343917123913043952e+02
3.341255170833333068e+02
3.337039101999999957e+02
3.330399580769230852e+02
3.324020238888888912e+02
3.310602328571428643e+02
3.293240132758620575e+02
3.279430765000000179e+02
3.266494638709677361e+02
3.252884465624999848e+02
3.239401384848484895e+02
3.228123666176470579e+02
3.217341748571429321e+02
3.206210102777778275e+02
3.195217245945946161e+02
3.184232571052631897e+02
3.174394033333333027e+02
3.164954563750000034e+02
3.155765852439024002e+02
3.146876577380951971e+02
3.137166532558138670e+02
3.127125794318181420e+02
3.117149967777777420e+02
