3.309209432772227615e+02
3.323460108439127794e+02
3.318674032390117645e+02
3.309229904763838590e+02
3.305422856410344252e+02
3.301973893140491896e+02
3.296657691597938538e+02
3.292049404553004592e+02
3.289353040673515807e+02
3.285890641938084968e+02
3.283675260345141282e+02
3.281127093791961897e+02
3.278606096139320698e+02
3.275637272552207833e+02
3.272903688039098711e+02
3.270629810875859675e+02
3.268533830245335707e+02
3.265979914511403877e+02
3.263455566763877869e+02
3.261077016411405793e+02
3.259088011348948726e+02
3.257204947131020845e+02
3.255543708138995953e+02
3.254130294194092698e+02
3.252548928323544715e+02
3.251083500874348147e+02
3.249574336111545563e+02
3.248159871741038955e+02
3.246743554160708527e+02
3.245645628419033528e+02
3.244407427310943604e+02
3.243099618752797255e+02
